I create rndstr.in as
     4.7449                0.0000000000000000    0.0000000000000000
     0.0000000000000000    4.7449                0.0000000000000000
     0.0000000000000000    0.0000000000000000    4.7449

1.0 0.0 0.0
0.0 1.0 0.0
0.0 0.0 1.0

  0.0000000000000000  0.0000000000000000  0.0000000000000000 Ca=0.5,Cd=0.5
  0.0000000000000000  0.5000000000000000  0.5000000000000000 Ca=0.5,Cd=0.5
  0.5000000000000000  0.0000000000000000  0.5000000000000000 Ca=0.5,Cd=0.5
  0.5000000000000000  0.5000000000000000  0.0000000000000000 Ca=0.5,Cd=0.5
  0.5000000000000000  0.0000000000000000  0.0000000000000000 O=1.0
  0.5000000000000000  0.5000000000000000  0.5000000000000000 O=1.0
  0.0000000000000000  0.0000000000000000  0.5000000000000000 O=1.0
  0.0000000000000000  0.5000000000000000  0.0000000000000000 O=1.0

and intitial sqscell.out as
1

2 0 0
0 2 0
0 0 2


Then use correlation dumper command to generate cluster information from given input rndstr.in as
corrdump -l=rndstr.in -ro -noe -nop -clus -2=5.3 -3=5.3 -4=5.3

then here are cluster.out
24
3.35515
2
0.50000 1.00000 0.50000 0 0
0.00000 1.00000 0.00000 0 0

12
4.74490
2
0.50000 0.50000 1.00000 0 0
0.50000 0.50000 0.00000 0 0

32
3.35515
3
1.00000 0.50000 0.50000 0 0
1.50000 0.50000 0.00000 0 0
1.00000 0.00000 0.00000 0 0

48
4.74490
3
0.50000 0.50000 1.00000 0 0
0.50000 0.00000 0.50000 0 0
0.50000 0.50000 0.00000 0 0

8
3.35515
4
1.00000 0.50000 0.50000 0 0
1.50000 0.00000 0.50000 0 0
1.50000 0.50000 0.00000 0 0
1.00000 0.00000 0.00000 0 0

48
4.74490
4
0.50000 0.50000 1.00000 0 0
0.00000 0.50000 0.50000 0 0
0.50000 0.00000 0.50000 0 0
0.50000 0.50000 0.00000 0 0

12
4.74490
4
0.50000 0.50000 1.00000 0 0
0.50000 1.00000 0.50000 0 0
0.50000 0.00000 0.50000 0 0
0.50000 0.50000 0.00000 0 0

Then run
mcsqs -rc -ip=1 &
mcsqs -rc -ip=2 &
mcsqs -rc -ip=3 &

ps aux | grep mcsqs
touch stopsqs


mcsqs -best

python3 convert_sqs.py bestsqs.out
