     4.7449                0.0000000000000000    0.0000000000000000
     0.0000000000000000    4.7449                0.0000000000000000
     0.0000000000000000    0.0000000000000000    4.7449

1.0 0.0 0.0
0.0 1.0 0.0
0.0 0.0 1.0

  0.0000000000000000  0.0000000000000000  0.0000000000000000 Ca=0.5,Cd=0.5
  0.0000000000000000  0.5000000000000000  0.5000000000000000 Ca=0.5,Cd=0.5
  0.5000000000000000  0.0000000000000000  0.5000000000000000 Ca=0.5,Cd=0.5
  0.5000000000000000  0.5000000000000000  0.0000000000000000 Ca=0.5,Cd=0.5
  0.5000000000000000  0.0000000000000000  0.0000000000000000 O=1.0
  0.5000000000000000  0.5000000000000000  0.5000000000000000 O=1.0
  0.0000000000000000  0.0000000000000000  0.5000000000000000 O=1.0
  0.0000000000000000  0.5000000000000000  0.0000000000000000 O=1.0
